8967
89779
7438
68532
75849
-598
61990
61083
81
73153
11697
89857
1651
76701
57592
22774
-7845
89402
23998
-1603
-5002
-9750
89688
86383
53122
53708
10935
3802
-123
34213
24122
42814
27811
45460
-3276
84991
38098
-4672
71058
51309
-1231
4224
82692
60432
23793
36711
-7298
43347
59642
67263
26605
42832
83656
14204
30410
59377
1916
10035
11272
60163
48397
48013
31928
79016
69862
62180
78674
88109
77636
46408
78535
70326
58489
91107
2406
47349
91718
76913
44598
1252
66037
19037
6434
99324
56049
95980
12307
45011
214
73799
89420
54576
28578
9612
96982
10109
6789
78829
22998
36086
80270
64812
14681
90693
67067
79027
36985
85941
-2672
-2097
53940
86233
-1021
3515
4673
11756
94549
14117
41951
71917
42774
19783
29537
58629
88932
75620
3439
45972
64537
19006
195
14878
-4666
31499
72858
35624
87327
95587
75818
72921
95015
80554
53064
98925
89724
4451
78845
-1850
27707
91584
36867
53149
61152
-9835
98566
17146
99557
58829
63087
51344
15521
10791
48277
66955
14954
-3616
28903
7947
62805
49194
74492
90251
53357
-6314
97218
-4624
5634
11101
39934
44955
99289
44575
44721
40662
36024
-8763
86761
28351
47494
98917
-1875
19953
24375
-1919
31806
14484
38666
16212
86892
77855
88431
41696
55354
14478
74759
68440
34196
75093
55196
30565
34913
33440
33821
3947
17976
83795
33205
6176
75740
74145
57950
35687
61329
39146
1891
37074
17398
99747
99392
29969
97866
-2342
65996
76456
24897
93215
7308
96461
65516
66744
68524
-2392
29431
74395
5238
71376
69395
439
90168
66728
-2337
4891
10503
98048
6391
62809
18269
71378
68586
9729
73750
65157
36804
6414
59158
20169
48329
36215
60025
78137
7996
30270
-3388
22504
36780
11467
26747
52825
27633
96757
27100
82843
74721
39348
91497
84653
59877
82305
61537
34665
24579
34417
380
75762
4892
90852
7358
49740
19885
39786
43290
79377
20471
-3436
13764
83797
27357
71750
10854
68904
14853
52491
81808
86029
-7397
5843
66838
33344
31793
15461
37407
86016
4210
66847
79077
69042
30192
46066
96941
57690
34599
73287
81506
73963
24051
16600
17001
80798
15976
70829
-2939
-3402
97047
91512
13466
69353
24876
9189
-6757
93644
32492
68062
66819
68362
78248
79342
7458
63852
93160
99112
6038
45248
55670
-630
25509
5151
31238
-7442
1649
72446
-6053
31333
12122
77604
87073
62436
6242
50820
8359
2300
96366
53207
16950
64295
17935
79850
66553
87107
-3028
77940
76596
18960
45544
36816
-3694
-3028
65969
36821
47236
9267
97890
93913
23579
28372
74198
44134
58939
-8934
95833
66043
46718
67772
92168
66826
95302
33449
40130
2941
22369
67290
78911
28883
95169
33556
59630
-9910
3520
56572
2507
88987
36827
54964
11132
48736
38952
52467
56162
-7333
85216
63345
24957
93972
75288
56742
68229
-5528
1786
81980
67123
96825
32833
90999
-7627
91026
94226
3960
84443
34464
42057
12130
63045
64867
20416
57499
38197
65407
-4908
93156
18544
5343
99553
27371
28989
-3462
25227
25792
96391
61038
32949
59807
707
4579
77577
38527
-8729
4171
24618
17173
66583
62249
85337
82195
-9126
-1108
48405
38470
-6356
19195
46391
-7561
36259
14764
48048
63455
50288
84621
6967
19115
28133
32587
-939
23596
-4314
79011
86401
57722
68946
29893
92609
21170
-4648
62743
40549
73037
5126
35381
42664
9515
39586
195
61569
51215
92407
76695
97109
60218
43839
49470
43296
-3700
90008
42441
89687
78066
61733
67916
94377
69357
46382
45701
94762
80778
59800
44339
99377
13479
10473
18783
75683
5532