0
1
7
13
16
18
21
28
30
31
39
40
42
43
45
53
57
63
67
69
69
83
84
84
96
101
105
106
109
110
110
111
113
122
126
127
127
141
142
146
147
148
149
151
151
152
158
162
163
165
165
169
173
174
177
178
181
182
184
188
190
194
194
195
197
202
205
205
212
213
214
216
216
220
222
223
224
227
231
234
236
241
241
241
243
251
253
254
256
258
260
261
264
264
269
272
273
273
276
278
279
280
283
292
292
292
293
293
293
295
302
303
303
303
304
307
311
313
315
315
319
325
328
330
332
332
338
339
339
354
359
360
362
363
367
372
373
374
374
375
375
378
381
382
383
384
390
392
407
411
411
414
414
415
415
416
419
424
430
432
436
439
448
451
452
454
454
456
456
457
457
461
469
475
481
482
486
487
494
496
497
498
500
503
509
509
509
510
513
519
520
523
526
532
533
534
541
550
550
558
561
562
569
574
575
577
579
580
584
586
588
590
592
595
597
601
602
603
605
606
606
607
610
611
614
614
615
620
625
630
634
644
647
647
650
650
652
655
657
659
663
672
676
677
678
681
681
690
690
691
693
695
697
698
699
701
705
708
709
712
715
715
716
719
724
726
729
730
732
734
736
737
738
749
751
752
752
754
754
756
759
760
760
761
764
774
775
776
779
787
788
789
798
800
800
802
812
813
818
823
825
829
831
831
832
834
835
839
840
854
855
858
859
861
861
866
870
871
877
878
880
881
882
884
890
895
902
902
905
906
909
912
913
914
918
921
926
927
927
927
929
932
932
932
935
936
936
938
944
946
947
947
952
955
958
959
960
961
968
969
972
973
982
987
987
989
990
991
992
998