663
-566
435
-709
-163
46
196
-670
356
117
184
-483
113
185
123
411
-723
416
141
-212
-958
679
458
603
686
7
736
-446
835
92
-1000
-156
590
248
-177
-143
-990
-520
-565
720
503
-859
400
985
43
187
-604
712
-573
-306
411
127
-114
140
848
-897
496
-328
-212
441
305
162
193
-15
-108
-272
763
305
-893
-594
-75
496
-117
584
-188
-278
-759
-623
293
-469
-805
-696
-310
77
-980
-452
-506
586
-412
-386
-49
-677
-567
7
-867
-757
872
-453
293
-793
-574
771
202
-297
69
791
541
748
643
-911
313
513
543
-651
-865
102
-467
176
88
568
260
672
-818
-968
58
-952
-626
422
-471
778
737
243
-795
287
399
-99
674
-812
-100
101
183
168
54
-490
-679
531
693
625
621
123
-434
658
161
152
-258
-574
727
-536
-666
817
301
358
306
985
-208
646
-705
-408
107
-970
177
806
-233
-713
943
339
-579
-656
886
-402
-731
-579
734
727
-21
-277
-942
765
-738
-406
154
879
860
718
-635
-724
953
-622
-791
-376
432
-477
307
-416
-670
-54
977
718
602
-820
708
714
-811
-305
137
796
-523
-491
439
-888
-610
-842
-449
106
176
562
-305
-722
566
671
-608
523
-21
996
-134
149
-970
37
-837
-163
-751
-88
-593
300
-73
-653
-363
757
968
-664
-806
-192
-818
256
165
255
824
-135
614
-892
-644
745
138
-836
-643
239
-149
246
578
-177
769
849
275
-991
-369
-100
-662
-703
475
-981
575
985
831
-956
285
-121
71
415
-585
89
573
872
4
-245
874
376
638
-73
-531
-921
-593
-613
-590
-103
-688
-728
-477
661
-406
33
214
-196
-725
-797
996
-511
116
871
-265
-486
-932
-631
-613
914
-664
586
-725
-112
597
654
-203
449
-107
644
-727
601
538
-919
140
-372
-866
907
-780
-591
974
164
705
-786
-834
752
-268
245
693
578
-519
90
-465
-821
588
812
456
192
-638
-272
640
310
-523
-865
103
-658
-840
-568
101
-719
37
143
-898
-993
879
525
395
874
184
79
169
197
890
388
195
-788
651
-761
577
990
522
202
393
180
492
-530
304
-257
546
-316
400
658
817
-491
-606
885
-891
76
-551
78
-730
780
-126
-694
-48
-335
71
-292
-527
950
465
734
-24
866
-884
-821
-555
-38
892
-312
964
4
-324
234
-796
-980
1
-161
230
77
538
264
-452
451
2
778
-377
115
354
-413
118
301
258
940
980
-688
-648
-341
-382
-291
210
-768
-180
-734
217
-786
-717
884
-274
-526
868
-258
555
507
508
568
148
211
125
-283
995
-550
-991
-380
-826
-87
-993
-22
-434
606
-320
-697
355
-183
523
-609
-54
895
457
394
733
-306
-11
-964
265
944
-884
114
680
501
512
-73
-936
213
-263
183
-997
407
-365
442
-648
94
752
-567
-29
-978
-135
-240
246
-378
-475
153
575
168
-694
-387
249
388
-476
135
-744
98
-314
253
-982
152
679
850
-963
973
-815
-759
-95
-131
540
61
-864
237
-425
-901
-572
698
106
309
282
971
-859
-890
-718
909
-981
-117
-522
-172
933
420
-851
-574
-15
-109
20
-684
121
-822
-424
-968
-855
-864
-778
269
136
607
-535
310
807
446
-771
-347
503
-745
-815
-720
-334
712
757
-750
-62
495
-312
-300
-801
7
-629
907
537
-499
-755
-519
781
-868
154
-393
946
892
-241
-761
-760
281
595
-55
96
-65
899
-839
-438
-240
-666
42
548
-663
-699
-945
615
-709
22
622
736
130
-461
-310
-39
-205
-527
-489
-682
-206
-720
701
545
236
-661
-142
-482
-405
157
-100
673
-461
92
958
562
-98
-743
-140
150
384
-807
213
264
-273
-498
8
-791
-527
-629
-606
-329
588
167
368
-770
-23
388
681
636
262
186
-722
170
917
597
-259
197
-95
-223
38
967
372
-16
-904
-88
-531
335
773
929
-647
-773
-330
970
107
-845
583
603
-521
-789
-816
556
82
914
186
-351
614
454
-890
599
418
787
-493
-115
-997
969
773
875
-297
690
-715
695
-999
-237
696
-107
-667
-308
562
-477
198
31
350
-848
181
-624
-955
-464
50
904
-719
698
-233
448
933
877
-327
16
-725
731
336
446
267
-311
848
58
608
437
722
-308
-699
822
801
-660
534
293
958
-515
921
444
-395
392
-122
-771
-488
-424
289
120
692
112
-17
107
139
-641
734
-846
-909
-710
891
-496
-991
975
119
723
-64
572
858
-811
947
-779
989
702
166
-102
741
-501
-444
-265
-852
166
944
-834
-889
600
186
-665
-383
-323
596
530
-508
-264
403
-2
-660
-803
-694
-371
182
314
394
725
800
-449
55
539
563
-867
-535
-953
-807
110
-719
-21
817
700
-462
-67
450
494
-124
-903
208
576
-357
-126
-909
-300
574
-224
-692
-455
-758
-299
-112
886
-505
-115
-435
583
-41
-855
-711
-424
670
126
-101
755
-604
987
-658
161
-111
253
-136
138
477
-22
-329
-440
879
355
-601
962
-387
689
-773
-333
-339
509
-906
724
-247
-568
-596
165
375
-182
-10
979
-270
-943
-353
646
645
116
112
263
27
-406
725
-805
-146
791
301
558
-753
-160
-273
78
-278
-490
-31
-345
-913
601
305
416
-800
831
17
-806
963
495
212
774
261
284
-218
-153
-295
-794
225
197
305
239
265
203
-975
-186
-535
185
-81
-792
301
160
906
-806
-728
-962
-927